# Hash Exceptions Match: Hash of First Texture, Texture of First Texture, Palette of First Texture, Param, State, Hash Exception Match of Other Texture, First TileID of the First Texture


# 15_10		HASH EXCEPTIONS
c062d9f3ef103223,15,10,4,4,ffccb6cf08b496da,3632
c062d9f3ef103223,15,10,4,5,ffccb6cf08b496da,3632
5b1c31540fd88029,15,10,4,4,9e931befd39c045f,3632
5b1c31540fd88029,15,10,4,5,9e931befd39c045f,3632


# 15_10		HASH ADDITION (1 MISSING HASH)
+268878287e9c8e95,15,10,4,4,942c8127149b3184,3632,17,10
+268878287e9c8e95,15,10,4,5,942c8127149b3184,3632,17,10
+a972889786f2b2e1,15,10,4,4,658bbed9127f1535,3632,17,10
+a972889786f2b2e1,15,10,4,5,658bbed9127f1535,3632,17,10


# 15_10		CHANGE TEX/PAL/PARAM/STATUS DESTINATION HASH (SOME MISSING TILES IN 4,4 BECAUSE THEY ARE IN DIFFERENT TILEID)
&c0102a10478bd0b8,15,10,4,4,deb1bd3fe4c3399,3632,16,9,4,4,3616

# &15b902080b4dd87c,15,10,4,4,deb1bd3fe4c3399,3632,16,9,4,4,3616
# &17ae21c9d43f9480,15,10,4,4,deb1bd3fe4c3399,3632,16,9,4,4,3616
# &1968975ece8c1c02,15,10,4,4,deb1bd3fe4c3399,3632,16,9,4,4,3616
# &1e17d1dd24043850,15,10,4,4,deb1bd3fe4c3399,3632,16,9,4,4,3616
# &1e86fe19e0aa716d,15,10,4,4,deb1bd3fe4c3399,3632,16,9,4,4,3616
# &235cbcb076a452fe,15,10,4,4,deb1bd3fe4c3399,3632,16,9,4,4,3616
# &24e202db01a21131,15,10,4,4,deb1bd3fe4c3399,3632,16,9,4,4,3616
# &26533911be4f1a57,15,10,4,4,deb1bd3fe4c3399,3632,16,9,4,4,3616
# &268878287e9c8e95,15,10,4,4,deb1bd3fe4c3399,3632,16,9,4,4,3616
# &2b9333f305feada2,15,10,4,4,deb1bd3fe4c3399,3632,16,9,4,4,3616
# &2c435341ece8f431,15,10,4,4,deb1bd3fe4c3399,3632,16,9,4,4,3616
# &2fefbf9a5e67eada,15,10,4,4,deb1bd3fe4c3399,3632,16,9,4,4,3616
# &311cffb6811dc6b6,15,10,4,4,deb1bd3fe4c3399,3632,16,9,4,4,3616
# &4c30a7950259e890,15,10,4,4,deb1bd3fe4c3399,3632,16,9,4,4,3616
# &50e984d1f57a612a,15,10,4,4,deb1bd3fe4c3399,3632,16,9,4,4,3616
# &5399e01aa8707606,15,10,4,4,deb1bd3fe4c3399,3632,16,9,4,4,3616
# &5667e28bd87a568b,15,10,4,4,deb1bd3fe4c3399,3632,16,9,4,4,3616
# &5b1c31540fd88029,15,10,4,4,deb1bd3fe4c3399,3632,16,9,4,4,3616
# &68d7fb1c8f83dde0,15,10,4,4,deb1bd3fe4c3399,3632,16,9,4,4,3616
# &69010833a38ebac7,15,10,4,4,deb1bd3fe4c3399,3632,16,9,4,4,3616
# &7e194b07764b4cfa,15,10,4,4,deb1bd3fe4c3399,3632,16,9,4,4,3616
# &82c5beb66a5d7c0a,15,10,4,4,deb1bd3fe4c3399,3632,16,9,4,4,3616
# &856cc4c5248b9171,15,10,4,4,deb1bd3fe4c3399,3632,16,9,4,4,3616
# &8a017b603c842681,15,10,4,4,deb1bd3fe4c3399,3632,16,9,4,4,3616
# &8a35695cc574775d,15,10,4,4,deb1bd3fe4c3399,3632,16,9,4,4,3616
# &90fa03c07c3cb56f,15,10,4,4,deb1bd3fe4c3399,3632,16,9,4,4,3616
# &962cbbf34a3c910e,15,10,4,4,deb1bd3fe4c3399,3632,16,9,4,4,3616
# &a75bc69b82af1eef,15,10,4,4,deb1bd3fe4c3399,3632,16,9,4,4,3616
# &a972889786f2b2e1,15,10,4,4,deb1bd3fe4c3399,3632,16,9,4,4,3616
# &ada8e8a9fee258a0,15,10,4,4,deb1bd3fe4c3399,3632,16,9,4,4,3616
# &ae55dfd533850d9d,15,10,4,4,deb1bd3fe4c3399,3632,16,9,4,4,3616
# &b28dc62bccb97a64,15,10,4,4,deb1bd3fe4c3399,3632,16,9,4,4,3616
# &b3541a2c76f0c2dc,15,10,4,4,deb1bd3fe4c3399,3632,16,9,4,4,3616
# &bb90d4b9f43611af,15,10,4,4,deb1bd3fe4c3399,3632,16,9,4,4,3616
# &c062d9f3ef103223,15,10,4,4,deb1bd3fe4c3399,3632,16,9,4,4,3616
# &cb072459066c73f6,15,10,4,4,deb1bd3fe4c3399,3632,16,9,4,4,3616
# &cba13d835284bd26,15,10,4,4,deb1bd3fe4c3399,3632,16,9,4,4,3616
# &df959e7ae7275c22,15,10,4,4,deb1bd3fe4c3399,3632,16,9,4,4,3616
# &e481dd668ff58b19,15,10,4,4,deb1bd3fe4c3399,3632,16,9,4,4,3616
# &e79e7660f671ec2d,15,10,4,4,deb1bd3fe4c3399,3632,16,9,4,4,3616
# &ec09589a61f3d77e,15,10,4,4,deb1bd3fe4c3399,3632,16,9,4,4,3616
# &f2e57350908bf1dd,15,10,4,4,deb1bd3fe4c3399,3632,16,9,4,4,3616

