# Hash Exceptions Match: Hash of First Texture, Texture of First Texture, Palette of First Texture, Param, State, Hash Exception Match of Other Texture, First TileID of the First Texture

#+a2bea6fa8ffe4565,17,08,1,1,8493779603de43ba,64,16,8

# 17_14		HASH ADDITION
+5d28c3d34ca34c01,17,14,5,3,e60270bc952b0de8,590,18,14
+5d28c3d34ca34c01,17,14,5,4,e60270bc952b0de8,590,18,14
+5d28c3d34ca34c01,17,14,5,5,e60270bc952b0de8,590,18,14
+5d28c3d34ca34c01,17,14,5,6,e60270bc952b0de8,590,18,14
+5d28c3d34ca34c01,17,14,5,7,e60270bc952b0de8,590,18,14
+5d28c3d34ca34c01,17,14,6,0,e60270bc952b0de8,590,18,14
+5d28c3d34ca34c01,17,14,6,1,e60270bc952b0de8,590,18,14
+5d28c3d34ca34c01,17,14,6,2,e60270bc952b0de8,590,18,14
+5d28c3d34ca34c01,17,14,6,3,e60270bc952b0de8,590,18,14
+5d28c3d34ca34c01,17,14,6,4,e60270bc952b0de8,590,18,14
+5d28c3d34ca34c01,17,14,6,5,e60270bc952b0de8,590,18,14

+21df25a570ef4f9a,17,14,5,3,e60270bc952b0de8,590,18,14
+21df25a570ef4f9a,17,14,5,4,e60270bc952b0de8,590,18,14
+21df25a570ef4f9a,17,14,5,5,e60270bc952b0de8,590,18,14
+21df25a570ef4f9a,17,14,5,6,e60270bc952b0de8,590,18,14
+21df25a570ef4f9a,17,14,5,7,e60270bc952b0de8,590,18,14
+21df25a570ef4f9a,17,14,6,0,e60270bc952b0de8,590,18,14
+21df25a570ef4f9a,17,14,6,1,e60270bc952b0de8,590,18,14
+21df25a570ef4f9a,17,14,6,2,e60270bc952b0de8,590,18,14
+21df25a570ef4f9a,17,14,6,3,e60270bc952b0de8,590,18,14
+21df25a570ef4f9a,17,14,6,4,e60270bc952b0de8,590,18,14
+21df25a570ef4f9a,17,14,6,5,e60270bc952b0de8,590,18,14

+9574d0488b9e1195,17,14,5,3,7ae6d91d5633b4ac,590,18,14
+9574d0488b9e1195,17,14,5,4,7ae6d91d5633b4ac,590,18,14
+9574d0488b9e1195,17,14,5,5,7ae6d91d5633b4ac,590,18,14
+9574d0488b9e1195,17,14,5,6,7ae6d91d5633b4ac,590,18,14
+9574d0488b9e1195,17,14,5,7,7ae6d91d5633b4ac,590,18,14
+9574d0488b9e1195,17,14,6,0,7ae6d91d5633b4ac,590,18,14
+9574d0488b9e1195,17,14,6,1,7ae6d91d5633b4ac,590,18,14
+9574d0488b9e1195,17,14,6,2,7ae6d91d5633b4ac,590,18,14
+9574d0488b9e1195,17,14,6,3,7ae6d91d5633b4ac,590,18,14
+9574d0488b9e1195,17,14,6,4,7ae6d91d5633b4ac,590,18,14
+9574d0488b9e1195,17,14,6,5,7ae6d91d5633b4ac,590,18,14

+19583be3c082787,17,14,5,3,e60270bc952b0de8,590,18,14
+19583be3c082787,17,14,5,4,e60270bc952b0de8,590,18,14
+19583be3c082787,17,14,5,5,e60270bc952b0de8,590,18,14
+19583be3c082787,17,14,5,6,e60270bc952b0de8,590,18,14
+19583be3c082787,17,14,5,7,e60270bc952b0de8,590,18,14
+19583be3c082787,17,14,6,0,e60270bc952b0de8,590,18,14
+19583be3c082787,17,14,6,1,e60270bc952b0de8,590,18,14
+19583be3c082787,17,14,6,2,e60270bc952b0de8,590,18,14
+19583be3c082787,17,14,6,3,e60270bc952b0de8,590,18,14
+19583be3c082787,17,14,6,4,e60270bc952b0de8,590,18,14
+19583be3c082787,17,14,6,5,e60270bc952b0de8,590,18,14

+77807c349c28da0d,17,14,5,3,7ae6d91d5633b4ac,590,18,14
+77807c349c28da0d,17,14,5,4,7ae6d91d5633b4ac,590,18,14
+77807c349c28da0d,17,14,5,5,7ae6d91d5633b4ac,590,18,14
+77807c349c28da0d,17,14,5,6,7ae6d91d5633b4ac,590,18,14
+77807c349c28da0d,17,14,5,7,7ae6d91d5633b4ac,590,18,14
+77807c349c28da0d,17,14,6,0,7ae6d91d5633b4ac,590,18,14
+77807c349c28da0d,17,14,6,1,7ae6d91d5633b4ac,590,18,14
+77807c349c28da0d,17,14,6,2,7ae6d91d5633b4ac,590,18,14
+77807c349c28da0d,17,14,6,3,7ae6d91d5633b4ac,590,18,14
+77807c349c28da0d,17,14,6,4,7ae6d91d5633b4ac,590,18,14
+77807c349c28da0d,17,14,6,5,7ae6d91d5633b4ac,590,18,14

+375944e0c0d26182,17,14,5,3,e60270bc952b0de8,590,18,14
+375944e0c0d26182,17,14,5,4,e60270bc952b0de8,590,18,14
+375944e0c0d26182,17,14,5,5,e60270bc952b0de8,590,18,14
+375944e0c0d26182,17,14,5,6,e60270bc952b0de8,590,18,14
+375944e0c0d26182,17,14,5,7,e60270bc952b0de8,590,18,14
+375944e0c0d26182,17,14,6,0,e60270bc952b0de8,590,18,14
+375944e0c0d26182,17,14,6,1,e60270bc952b0de8,590,18,14
+375944e0c0d26182,17,14,6,2,e60270bc952b0de8,590,18,14
+375944e0c0d26182,17,14,6,3,e60270bc952b0de8,590,18,14
+375944e0c0d26182,17,14,6,4,e60270bc952b0de8,590,18,14
+375944e0c0d26182,17,14,6,5,e60270bc952b0de8,590,18,14

+609060efcae9146,17,14,5,3,e60270bc952b0de8,590,18,14
+609060efcae9146,17,14,5,4,e60270bc952b0de8,590,18,14
+609060efcae9146,17,14,5,5,e60270bc952b0de8,590,18,14
+609060efcae9146,17,14,5,6,e60270bc952b0de8,590,18,14
+609060efcae9146,17,14,5,7,e60270bc952b0de8,590,18,14
+609060efcae9146,17,14,6,0,e60270bc952b0de8,590,18,14
+609060efcae9146,17,14,6,1,e60270bc952b0de8,590,18,14
+609060efcae9146,17,14,6,2,e60270bc952b0de8,590,18,14
+609060efcae9146,17,14,6,3,e60270bc952b0de8,590,18,14
+609060efcae9146,17,14,6,4,e60270bc952b0de8,590,18,14
+609060efcae9146,17,14,6,5,e60270bc952b0de8,590,18,14

+655214dd716e2d9a,17,14,5,3,e60270bc952b0de8,590,18,14
+655214dd716e2d9a,17,14,5,4,e60270bc952b0de8,590,18,14
+655214dd716e2d9a,17,14,5,5,e60270bc952b0de8,590,18,14
+655214dd716e2d9a,17,14,5,6,e60270bc952b0de8,590,18,14
+655214dd716e2d9a,17,14,5,7,e60270bc952b0de8,590,18,14
+655214dd716e2d9a,17,14,6,0,e60270bc952b0de8,590,18,14
+655214dd716e2d9a,17,14,6,1,e60270bc952b0de8,590,18,14
+655214dd716e2d9a,17,14,6,2,e60270bc952b0de8,590,18,14
+655214dd716e2d9a,17,14,6,3,e60270bc952b0de8,590,18,14
+655214dd716e2d9a,17,14,6,4,e60270bc952b0de8,590,18,14
+655214dd716e2d9a,17,14,6,5,e60270bc952b0de8,590,18,14

+860886fae6546fbf,17,14,5,3,e60270bc952b0de8,590,18,14
+860886fae6546fbf,17,14,5,4,e60270bc952b0de8,590,18,14
+860886fae6546fbf,17,14,5,5,e60270bc952b0de8,590,18,14
+860886fae6546fbf,17,14,5,6,e60270bc952b0de8,590,18,14
+860886fae6546fbf,17,14,5,7,e60270bc952b0de8,590,18,14
+860886fae6546fbf,17,14,6,0,e60270bc952b0de8,590,18,14
+860886fae6546fbf,17,14,6,1,e60270bc952b0de8,590,18,14
+860886fae6546fbf,17,14,6,2,e60270bc952b0de8,590,18,14
+860886fae6546fbf,17,14,6,3,e60270bc952b0de8,590,18,14
+860886fae6546fbf,17,14,6,4,e60270bc952b0de8,590,18,14
+860886fae6546fbf,17,14,6,5,e60270bc952b0de8,590,18,14

+b2b60dd60195070a,17,14,5,3,7ae6d91d5633b4ac,590,18,14
+b2b60dd60195070a,17,14,5,4,7ae6d91d5633b4ac,590,18,14
+b2b60dd60195070a,17,14,5,5,7ae6d91d5633b4ac,590,18,14
+b2b60dd60195070a,17,14,5,6,7ae6d91d5633b4ac,590,18,14
+b2b60dd60195070a,17,14,5,7,7ae6d91d5633b4ac,590,18,14
+b2b60dd60195070a,17,14,6,0,7ae6d91d5633b4ac,590,18,14
+b2b60dd60195070a,17,14,6,1,7ae6d91d5633b4ac,590,18,14
+b2b60dd60195070a,17,14,6,2,7ae6d91d5633b4ac,590,18,14
+b2b60dd60195070a,17,14,6,3,7ae6d91d5633b4ac,590,18,14
+b2b60dd60195070a,17,14,6,4,7ae6d91d5633b4ac,590,18,14
+b2b60dd60195070a,17,14,6,5,7ae6d91d5633b4ac,590,18,14

+bd351f68935d863f,17,14,5,3,e60270bc952b0de8,590,18,14
+bd351f68935d863f,17,14,5,4,e60270bc952b0de8,590,18,14
+bd351f68935d863f,17,14,5,5,e60270bc952b0de8,590,18,14
+bd351f68935d863f,17,14,5,6,e60270bc952b0de8,590,18,14
+bd351f68935d863f,17,14,5,7,e60270bc952b0de8,590,18,14
+bd351f68935d863f,17,14,6,0,e60270bc952b0de8,590,18,14
+bd351f68935d863f,17,14,6,1,e60270bc952b0de8,590,18,14
+bd351f68935d863f,17,14,6,2,e60270bc952b0de8,590,18,14
+bd351f68935d863f,17,14,6,3,e60270bc952b0de8,590,18,14
+bd351f68935d863f,17,14,6,4,e60270bc952b0de8,590,18,14
+bd351f68935d863f,17,14,6,5,e60270bc952b0de8,590,18,14

+bdaf1ca8e9541edc,17,14,5,3,e60270bc952b0de8,590,18,14
+bdaf1ca8e9541edc,17,14,5,4,e60270bc952b0de8,590,18,14
+bdaf1ca8e9541edc,17,14,5,5,e60270bc952b0de8,590,18,14
+bdaf1ca8e9541edc,17,14,5,6,e60270bc952b0de8,590,18,14
+bdaf1ca8e9541edc,17,14,5,7,e60270bc952b0de8,590,18,14
+bdaf1ca8e9541edc,17,14,6,0,e60270bc952b0de8,590,18,14
+bdaf1ca8e9541edc,17,14,6,1,e60270bc952b0de8,590,18,14
+bdaf1ca8e9541edc,17,14,6,2,e60270bc952b0de8,590,18,14
+bdaf1ca8e9541edc,17,14,6,3,e60270bc952b0de8,590,18,14
+bdaf1ca8e9541edc,17,14,6,4,e60270bc952b0de8,590,18,14
+bdaf1ca8e9541edc,17,14,6,5,e60270bc952b0de8,590,18,14

+c8b015d0090809e3,17,14,5,3,e60270bc952b0de8,590,18,14
+c8b015d0090809e3,17,14,5,4,e60270bc952b0de8,590,18,14
+c8b015d0090809e3,17,14,5,5,e60270bc952b0de8,590,18,14
+c8b015d0090809e3,17,14,5,6,e60270bc952b0de8,590,18,14
+c8b015d0090809e3,17,14,5,7,e60270bc952b0de8,590,18,14
+c8b015d0090809e3,17,14,6,0,e60270bc952b0de8,590,18,14
+c8b015d0090809e3,17,14,6,1,e60270bc952b0de8,590,18,14
+c8b015d0090809e3,17,14,6,2,e60270bc952b0de8,590,18,14
+c8b015d0090809e3,17,14,6,3,e60270bc952b0de8,590,18,14
+c8b015d0090809e3,17,14,6,4,e60270bc952b0de8,590,18,14
+c8b015d0090809e3,17,14,6,5,e60270bc952b0de8,590,18,14

+c13b9cd9766c532,17,14,5,3,e60270bc952b0de8,590,18,14
+c13b9cd9766c532,17,14,5,4,e60270bc952b0de8,590,18,14
+c13b9cd9766c532,17,14,5,5,e60270bc952b0de8,590,18,14
+c13b9cd9766c532,17,14,5,6,e60270bc952b0de8,590,18,14
+c13b9cd9766c532,17,14,5,7,e60270bc952b0de8,590,18,14
+c13b9cd9766c532,17,14,6,0,e60270bc952b0de8,590,18,14
+c13b9cd9766c532,17,14,6,1,e60270bc952b0de8,590,18,14
+c13b9cd9766c532,17,14,6,2,e60270bc952b0de8,590,18,14
+c13b9cd9766c532,17,14,6,3,e60270bc952b0de8,590,18,14
+c13b9cd9766c532,17,14,6,4,e60270bc952b0de8,590,18,14
+c13b9cd9766c532,17,14,6,5,e60270bc952b0de8,590,18,14

+c69699bb97f7124c,17,14,5,3,e60270bc952b0de8,590,18,14
+c69699bb97f7124c,17,14,5,4,e60270bc952b0de8,590,18,14
+c69699bb97f7124c,17,14,5,5,e60270bc952b0de8,590,18,14
+c69699bb97f7124c,17,14,5,6,e60270bc952b0de8,590,18,14
+c69699bb97f7124c,17,14,5,7,e60270bc952b0de8,590,18,14
+c69699bb97f7124c,17,14,6,0,e60270bc952b0de8,590,18,14
+c69699bb97f7124c,17,14,6,1,e60270bc952b0de8,590,18,14
+c69699bb97f7124c,17,14,6,2,e60270bc952b0de8,590,18,14
+c69699bb97f7124c,17,14,6,3,e60270bc952b0de8,590,18,14
+c69699bb97f7124c,17,14,6,4,e60270bc952b0de8,590,18,14
+c69699bb97f7124c,17,14,6,5,e60270bc952b0de8,590,18,14

+c573397c228b5ae8,17,14,5,3,e60270bc952b0de8,590,18,14
+c573397c228b5ae8,17,14,5,4,e60270bc952b0de8,590,18,14
+c573397c228b5ae8,17,14,5,5,e60270bc952b0de8,590,18,14
+c573397c228b5ae8,17,14,5,6,e60270bc952b0de8,590,18,14
+c573397c228b5ae8,17,14,5,7,e60270bc952b0de8,590,18,14
+c573397c228b5ae8,17,14,6,0,e60270bc952b0de8,590,18,14
+c573397c228b5ae8,17,14,6,1,e60270bc952b0de8,590,18,14
+c573397c228b5ae8,17,14,6,2,e60270bc952b0de8,590,18,14
+c573397c228b5ae8,17,14,6,3,e60270bc952b0de8,590,18,14
+c573397c228b5ae8,17,14,6,4,e60270bc952b0de8,590,18,14
+c573397c228b5ae8,17,14,6,5,e60270bc952b0de8,590,18,14

+d06ac82ea618c537,17,14,5,3,e60270bc952b0de8,590,18,14
+d06ac82ea618c537,17,14,5,4,e60270bc952b0de8,590,18,14
+d06ac82ea618c537,17,14,5,5,e60270bc952b0de8,590,18,14
+d06ac82ea618c537,17,14,5,6,e60270bc952b0de8,590,18,14
+d06ac82ea618c537,17,14,5,7,e60270bc952b0de8,590,18,14
+d06ac82ea618c537,17,14,6,0,e60270bc952b0de8,590,18,14
+d06ac82ea618c537,17,14,6,1,e60270bc952b0de8,590,18,14
+d06ac82ea618c537,17,14,6,2,e60270bc952b0de8,590,18,14
+d06ac82ea618c537,17,14,6,3,e60270bc952b0de8,590,18,14
+d06ac82ea618c537,17,14,6,4,e60270bc952b0de8,590,18,14
+d06ac82ea618c537,17,14,6,5,e60270bc952b0de8,590,18,14

+d65ea45dfd57bfba,17,14,5,3,7ae6d91d5633b4ac,590,18,14
+d65ea45dfd57bfba,17,14,5,4,7ae6d91d5633b4ac,590,18,14
+d65ea45dfd57bfba,17,14,5,5,7ae6d91d5633b4ac,590,18,14
+d65ea45dfd57bfba,17,14,5,6,7ae6d91d5633b4ac,590,18,14
+d65ea45dfd57bfba,17,14,5,7,7ae6d91d5633b4ac,590,18,14
+d65ea45dfd57bfba,17,14,6,0,7ae6d91d5633b4ac,590,18,14
+d65ea45dfd57bfba,17,14,6,1,7ae6d91d5633b4ac,590,18,14
+d65ea45dfd57bfba,17,14,6,2,7ae6d91d5633b4ac,590,18,14
+d65ea45dfd57bfba,17,14,6,3,7ae6d91d5633b4ac,590,18,14
+d65ea45dfd57bfba,17,14,6,4,7ae6d91d5633b4ac,590,18,14
+d65ea45dfd57bfba,17,14,6,5,7ae6d91d5633b4ac,590,18,14

+d529d051c5b9f073,17,14,5,3,e60270bc952b0de8,590,18,14
+d529d051c5b9f073,17,14,5,4,e60270bc952b0de8,590,18,14
+d529d051c5b9f073,17,14,5,5,e60270bc952b0de8,590,18,14
+d529d051c5b9f073,17,14,5,6,e60270bc952b0de8,590,18,14
+d529d051c5b9f073,17,14,5,7,e60270bc952b0de8,590,18,14
+d529d051c5b9f073,17,14,6,0,e60270bc952b0de8,590,18,14
+d529d051c5b9f073,17,14,6,1,e60270bc952b0de8,590,18,14
+d529d051c5b9f073,17,14,6,2,e60270bc952b0de8,590,18,14
+d529d051c5b9f073,17,14,6,3,e60270bc952b0de8,590,18,14
+d529d051c5b9f073,17,14,6,4,e60270bc952b0de8,590,18,14
+d529d051c5b9f073,17,14,6,5,e60270bc952b0de8,590,18,14

+e6985730fd9c7018,17,14,5,3,e60270bc952b0de8,590,18,14
+e6985730fd9c7018,17,14,5,4,e60270bc952b0de8,590,18,14
+e6985730fd9c7018,17,14,5,5,e60270bc952b0de8,590,18,14
+e6985730fd9c7018,17,14,5,6,e60270bc952b0de8,590,18,14
+e6985730fd9c7018,17,14,5,7,e60270bc952b0de8,590,18,14
+e6985730fd9c7018,17,14,6,0,e60270bc952b0de8,590,18,14
+e6985730fd9c7018,17,14,6,1,e60270bc952b0de8,590,18,14
+e6985730fd9c7018,17,14,6,2,e60270bc952b0de8,590,18,14
+e6985730fd9c7018,17,14,6,3,e60270bc952b0de8,590,18,14
+e6985730fd9c7018,17,14,6,4,e60270bc952b0de8,590,18,14
+e6985730fd9c7018,17,14,6,5,e60270bc952b0de8,590,18,14

