# Hash Exceptions Match: Hash of First Texture, Texture of First Texture, Palette of First Texture, Param, State, Hash Exception Match of Other Texture, First TileID of the First Texture


# 15_04		ADDITIONS
#62f73d569e83ec0f
#67d3e0490136a874
#7f9622ee6bc3b095
#a84ed721f494afae
#ee29d32ab4156cb2
+2efb81710d2c7178,15,4,2,4,5f8014389b206c8f,1,17,4
+2efb81710d2c7178,15,4,2,5,5f8014389b206c8f,1,17,4
+2efb81710d2c7178,15,4,2,6,5f8014389b206c8f,1,17,5
+8103a34ede5da407,15,4,2,4,4927890307bc2b3e,1,17,4
+8103a34ede5da407,15,4,2,5,4927890307bc2b3e,1,17,4
+8103a34ede5da407,15,4,2,6,4927890307bc2b3e,1,17,5
+9d7a532b02cb86c2,15,4,2,4,5f8014389b206c8f,1,17,4
+9d7a532b02cb86c2,15,4,2,5,5f8014389b206c8f,1,17,4
+9d7a532b02cb86c2,15,4,2,6,5f8014389b206c8f,1,17,5
+c95fc8eaacc4843f,15,4,2,4,e62ea6989980a5f1,1,17,4
+c95fc8eaacc4843f,15,4,2,5,e62ea6989980a5f1,1,17,4
+c95fc8eaacc4843f,15,4,2,6,e62ea6989980a5f1,1,17,5
+e0a2a0da626a76e9,15,4,2,4,c32a649b59ba2c42,1,17,4
+e0a2a0da626a76e9,15,4,2,5,c32a649b59ba2c42,1,17,4
+e0a2a0da626a76e9,15,4,2,6,c32a649b59ba2c42,1,17,5
+e446aacfd7c7bf69,15,4,2,4,ccf84666f0f341ab,1,17,4
+e446aacfd7c7bf69,15,4,2,5,ccf84666f0f341ab,1,17,4
+e446aacfd7c7bf69,15,4,2,6,ccf84666f0f341ab,1,17,5


# 15_05		ADDITIONS
+2efb81710d2c7178,15,5,2,7,5f8014389b206c8f,1,17,5
+2efb81710d2c7178,15,5,3,0,5f8014389b206c8f,1,17,5
+2efb81710d2c7178,15,5,3,1,5f8014389b206c8f,1,17,5
+2efb81710d2c7178,15,5,3,2,5f8014389b206c8f,1,17,5
+2efb81710d2c7178,15,5,3,3,5f8014389b206c8f,1,17,5
+62f73d569e83ec0f,15,5,3,4,5f8014389b206c8f,1,17,8
+8103a34ede5da407,15,5,2,7,4927890307bc2b3e,1,17,5
+8103a34ede5da407,15,5,3,0,4927890307bc2b3e,1,17,5
+8103a34ede5da407,15,5,3,1,4927890307bc2b3e,1,17,5
+8103a34ede5da407,15,5,3,2,4927890307bc2b3e,1,17,5
+8103a34ede5da407,15,5,3,3,4927890307bc2b3e,1,17,5
+ee29d32ab4156cb2,15,5,3,4,4927890307bc2b3e,1,17,8
+9d7a532b02cb86c2,15,5,2,7,5f8014389b206c8f,1,17,5
+9d7a532b02cb86c2,15,5,3,0,5f8014389b206c8f,1,17,5
+9d7a532b02cb86c2,15,5,3,1,5f8014389b206c8f,1,17,5
+9d7a532b02cb86c2,15,5,3,2,5f8014389b206c8f,1,17,5
+9d7a532b02cb86c2,15,5,3,3,5f8014389b206c8f,1,17,5
+67d3e0490136a874,15,5,3,4,5f8014389b206c8f,1,17,8
+c95fc8eaacc4843f,15,5,2,7,e62ea6989980a5f1,1,17,5
+c95fc8eaacc4843f,15,5,3,0,e62ea6989980a5f1,1,17,5
+c95fc8eaacc4843f,15,5,3,1,e62ea6989980a5f1,1,17,5
+c95fc8eaacc4843f,15,5,3,2,e62ea6989980a5f1,1,17,5
+c95fc8eaacc4843f,15,5,3,3,e62ea6989980a5f1,1,17,5
+c95fc8eaacc4843f,15,5,3,4,e62ea6989980a5f1,1,17,8
+e0a2a0da626a76e9,15,5,2,7,c32a649b59ba2c42,1,17,5
+e0a2a0da626a76e9,15,5,3,0,c32a649b59ba2c42,1,17,5
+e0a2a0da626a76e9,15,5,3,1,c32a649b59ba2c42,1,17,5
+e0a2a0da626a76e9,15,5,3,2,c32a649b59ba2c42,1,17,5
+e0a2a0da626a76e9,15,5,3,3,c32a649b59ba2c42,1,17,5
+e0a2a0da626a76e9,15,5,3,4,c32a649b59ba2c42,1,17,8
+e446aacfd7c7bf69,15,5,2,7,ccf84666f0f341ab,1,17,5
+e446aacfd7c7bf69,15,5,3,0,ccf84666f0f341ab,1,17,5
+e446aacfd7c7bf69,15,5,3,1,ccf84666f0f341ab,1,17,5
+e446aacfd7c7bf69,15,5,3,2,ccf84666f0f341ab,1,17,5
+e446aacfd7c7bf69,15,5,3,3,ccf84666f0f341ab,1,17,5
+e446aacfd7c7bf69,15,5,3,4,ccf84666f0f341ab,1,17,8
